M-G1-01T;赫克力士青藍大獨角仙;80;140;80;2,2,2;4
M-G1-02T;紅色長頸鹿鋸鍬形蟲;90;80;130;0,0,0;4
M-G1-03T;安達祐實大鍬形蟲;110;70;80;1,0,0;3
M-G1-04T;金剛大鹿角鍬形蟲;100;70;90;0,0,1;3
M-G1-05T;戰神大兜蟲;80;90;90;1,1,0;3
M-G1-06T;擎天大兜蟲;90;110;60;2,2,0;3
M-G1-07T;霸王基甲犀兜蟲;50;80;80;1,2;2
M-G1-08T;弗氏叉角鍬形蟲;80;60;70;0,0;2
M-G1-09T;鋸齒鍬形蟲;70;60;80;0,1;2
M-G1-10T;獨角仙;70;80;60;2,1;2
M-G1-11T;小星雲鍬形蟲;70;50;60;1;1
M-G1-12T;艾亞哥斯束角兜蟲;50;70;60;2;1
M-G1-13T;紅腳鍬形蟲;80;40;60;0;1
M-G1-14T;布氏銹獨角仙;70;60;50;2;1
M-G1-15T;矮扁鍬形蟲;60;60;60;1;1
S-G1-01T;大枯葉螳螂;20;15;25;2;4
S-G1-02T;中華大胡蜂;10;35;15;1;4
S-G1-03T;綠豔兜形金龜;25;15;10;0;3
S-G1-04T;飛蝗;20;10;20;2;3
S-G1-05T;大紫俠蝶;40;5;5;1;3
S-G1-06T;細鉤春蜓;20;20;10;0;3
S-G1-07T;麝香鳳蝶;10;10;20;1;2
S-G1-08T;黃金雪隱金龜;10;15;15;2;2
S-G1-09T;源式螢;25;10;5;1;2
S-G1-10T;七星瓢蟲;25;5;10;2;2
S-G1-11T;橫紋金蛛;15;10;15;0;2
S-G1-12T;日本騷金龜;15;15;0;0;1
S-G1-13T;吉丁蟲黑天牛;0;30;0;1;1
S-G1-14T;紅灰蝶;10;10;10;0;1
S-G1-15T;大褐象鼻蟲;30;0;0;2;1
